110,36
91,3
91,2
91,1
91,0
90,3
90,2
90,1
90,0
88,3
88,2
88,1
88,0
89,3
89,2
89,1
89,0
113,3
113,2
113,1
113,0
112,3
112,2
112,1
112,0
111,3
111,2
111,1
111,0
27,1
27,3
28,1
28,3
110,35
3,2
3,1
3,3
10,83
10,174
10,140
10,258
10,145
10,208
10,182
10,263
10,2
10,3
11,29
11,24
11,27
11,12
11,2
11,3
107,3
107,2
107,1
107,0
106,3
106,2
106,1
106,0
105,3
9,7
9,6
9,1
105,2
9,4
105,1
105,0
99,3
99,2
9,2
99,1
99,0
98,3
9,3
98,2
98,1
98,0
97,3
97,2
97,1
97,0
96,3
8,7
8,13
8,17
8,5
8,14
96,2
96,1
96,0
95,3
8,10
8,2
8,3
95,2
95,1
95,0
94,3
94,2
94,1
94,0
93,3
93,2
93,1
93,0
92,3
92,2
92,1
92,0
83,3
83,1
82,3
82,1
81,3
81,1
80,3
80,1
75,3
19,2
75,2
19,1
